NOAA 15                 
1 25338U 98030A   21023.54604587  .00000023  00000-0  28339-4 0  9992
2 25338  98.6982  53.2508 0010084 348.3197  11.7747 14.26009731180342
DMSP 5D-3 F15 (USA 147) 
1 25991U 99067A   21023.55708998 -.00000108  00000-0 -31305-4 0  9993
2 25991  98.9992   2.9194 0009653 190.4470 280.0594 14.16464048 91586
METEOSAT-8 (MSG-1)      
1 27509U 02040B   21023.14426514  .00000145  00000-0  00000-0 0  9994
2 27509   7.1124  53.1577 0000549 304.9831 217.9837  1.00266558 67490
DMSP 5D-3 F16 (USA 172) 
1 28054U 03048A   21023.57629031 -.00000081  00000-0 -19101-4 0  9992
2 28054  98.9384   8.1584 0006911 326.3426 140.5973 14.13647582890884
NOAA 18                 
1 28654U 05018A   21023.59666720  .00000099  00000-0  78226-4 0  9995
2 28654  99.0154  87.7570 0013690 334.1040  25.9445 14.12575247807993
METEOSAT-9 (MSG-2)      
1 28912U 05049B   21023.28017888  .00000026  00000-0  00000-0 0  9998
2 28912   4.8954  69.1792 0001314 254.4629 263.3369  1.00274710 55272
FORMOSAT-3 FM6          
1 29047U 06011A   21023.39209679  .00000171  00000-0  83368-4 0  9994
2 29047  71.9788  21.0708 0048729  40.4199 320.0541 14.28779133772724
FORMOSAT-3 FM1          
1 29048U 06011B   21023.48567721  .00000060  00000-0  39989-4 0  9997
2 29048  71.9670 291.5318 0043629 358.0913   2.0049 14.28749174775222
FORMOSAT-3 FM5          
1 29049U 06011C   21023.54482858  .00000044  00000-0  33624-4 0  9994
2 29049  72.0209 104.3142 0034172  22.1340 338.1263 14.28825858771024
FORMOSAT-3 FM3          
1 29050U 06011D   21023.58062887  .00000147  00000-0  41137-4 0  9998
2 29050  72.0140 227.8209 0051643 284.0652  75.4763 14.59007621788435
FORMOSAT-3 FM4          
1 29051U 06011E   21023.39934397  .00000025  00000-0  25883-4 0  9997
2 29051  72.0060   6.2361 0070651 264.6453  94.6620 14.28862308773579
FORMOSAT-3 FM2          
1 29052U 06011F   21023.59316344  .00000085  00000-0  49413-4 0  9997
2 29052  72.0345  80.7077 0040917 341.1267  18.8351 14.28967745771144
EWS-G1 (GOES 13)        
1 29155U 06018A   21023.50716437  .00000049  00000-0  00000-0 0  9991
2 29155   0.3794 103.7956 0006359 134.7161 128.6172  1.00274528 23601
METOP-A                 
1 29499U 06044A   21023.62918917 -.00000001  00000-0  18853-4 0  9999
2 29499  98.4940  68.5272 0001139  68.2653  85.0650 14.21496130739984
DMSP 5D-3 F17 (USA 191) 
1 29522U 06050A   21023.54856486  .00000014  00000-0  30598-4 0  9999
2 29522  98.7918  42.5171 0008837 271.3668  88.6493 14.14033843733814
FENGYUN 3A              
1 32958U 08026A   21023.54807368  .00000016  00000-0  27316-4 0  9992
2 32958  98.4321   4.1553 0009765  62.4059 297.8108 14.18645453655920
FENGYUN 2E              
1 33463U 08066A   21023.58401933 -.00000198  00000-0  00000-0 0  9999
2 33463   4.8017  67.8053 0003845 316.8697  35.7725  1.00271926 44320
NOAA 19                 
1 33591U 09005A   21023.54651284  .00000041  00000-0  47309-4 0  9990
2 33591  99.1928  40.5906 0014035 175.2281 184.9026 14.12449561616206
GOES 14                 
1 35491U 09033A   21023.61195645 -.00000080  00000-0  00000-0 0  9991
2 35491   0.0837 232.3930 0012190 355.7375  11.0816  1.00271880 42361
METEOR-M 1              
1 35865U 09049A   21023.57622103  .00000000  00000-0  19008-4 0  9995
2 35865  98.4626   7.5118 0001182 274.4146  85.6897 14.22262427589069
DMSP 5D-3 F18 (USA 210) 
1 35951U 09057A   21023.56942519  .00000072  00000-0  60884-4 0  9992
2 35951  98.6660  12.2775 0012120  99.2920 260.9624 14.13327510354773
GOES 15                 
1 36411U 10008A   21023.59486047  .00000065  00000-0  00000-0 0  9996
2 36411   0.4083  98.7757 0002195 311.6262 159.0300  1.00280413 39912
COMS 1                  
1 36744U 10032A   21023.52042425 -.00000331  00000-0  00000-0 0  9990
2 36744   0.0317 125.5534 0001085 164.9021 148.1121  1.00273289 31328
FENGYUN 3B              
1 37214U 10059A   21023.62568302  .00000007  00000-0  27036-4 0  9991
2 37214  99.0697  15.0105 0017159   7.0782 104.5661 14.15973120528795
SUOMI NPP               
1 37849U 11061A   21023.61803937  .00000015  00000-0  27615-4 0  9996
2 37849  98.7246 324.3266 0001182  59.5187 113.6350 14.19548598478868
FENGYUN 2F              
1 38049U 12002A   21023.58899178 -.00000347  00000-0  00000-0 0  9997
2 38049   2.5733  82.8259 0004165  27.8302 336.4836  1.00280827 33139
METEOSAT-10 (MSG-3)     
1 38552U 12035B   21023.28140019  .00000074  00000-0  00000-0 0  9998
2 38552   1.2344 356.8860 0000655   3.6782 232.8277  1.00268599 31091
METOP-B                 
1 38771U 12049A   21023.61197365 -.00000036  00000-0  34325-5 0  9990
2 38771  98.7012  85.7418 0002522  89.7390  69.0917 14.21495465433301
FENGYUN 3C              
1 39260U 13052A   21023.47740858  .00000000  00000-0  21387-4 0  9997
2 39260  98.5212  70.6788 0010107 307.0532  52.9721 14.15856967379753
METEOR-M 2              
1 40069U 14037A   21023.63389845 -.00000044  00000-0 -11128-5 0  9996
2 40069  98.4780  58.5533 0005876  15.0707 345.0647 14.20680008339476
HIMAWARI-8              
1 40267U 14060A   21023.55535601 -.00000263  00000-0  00000-0 0  9990
2 40267   0.0530 188.5821 0001323 110.9966 164.0884  1.00271600 22993
FENGYUN 2G              
1 40367U 14090A   21023.64144669 -.00000290  00000-0  00000-0 0  9994
2 40367   0.6773  93.1886 0002089 306.3490  53.7991  1.00287340 22287
METEOSAT-11 (MSG-4)     
1 40732U 15034A   21023.35136348  .00000012  00000-0  00000-0 0  9993
2 40732   0.3204 259.2165 0001200 356.1346 354.4855  1.00262329 20278
ELEKTRO-L 2             
1 41105U 15074A   21023.42019005 -.00000103  00000-0  00000-0 0  9992
2 41105   1.7281  94.3853 0001925 153.9398  11.4584  1.00272506 18756
HIMAWARI-9              
1 41836U 16064A   21023.55535601 -.00000262  00000-0  00000-0 0  9998
2 41836   0.0487 258.5686 0001036  78.8107 126.3808  1.00273672 15433
GOES 16                 
1 41866U 16071A   21023.55165476 -.00000235  00000-0  00000-0 0  9998
2 41866   0.0370 228.7264 0001497  94.5234 283.2239  1.00272386 15358
FENGYUN 4A              
1 41882U 16077A   21023.63454434 -.00000317  00000-0  00000-0 0  9997
2 41882   0.0535  74.8580 0004675 353.2347  28.1305  1.00275848 15223
CYGFM05                 
1 41884U 16078A   21023.42908458  .00000527  00000-0  29355-4 0  9997
2 41884  34.9563 133.3475 0015972 213.0914 146.8799 15.14844977227451
CYGFM04                 
1 41885U 16078B   21023.58794800  .00000570  00000-0  31145-4 0  9997
2 41885  34.9495 124.3569 0014436 226.3680 133.5834 15.15365095227500
CYGFM02                 
1 41886U 16078C   21023.58117733  .00000558  00000-0  30564-4 0  9992
2 41886  34.9588 126.2885 0015133 221.7748 138.1808 15.15363969227572
CYGFM01                 
1 41887U 16078D   21023.42524220  .00000520  00000-0  29112-4 0  9995
2 41887  34.9529 134.8516 0016373 213.2492 146.7191 15.14652774227409
CYGFM08                 
1 41888U 16078E   21023.55405431  .00000551  00000-0  30410-4 0  9999
2 41888  34.9500 128.9066 0015651 222.4858 137.4642 15.15067880227529
CYGFM06                 
1 41889U 16078F   21023.56077924  .00000537  00000-0  29463-4 0  9993
2 41889  34.9581 125.1066 0014080 221.6355 138.3285 15.15354271227522
CYGFM07                 
1 41890U 16078G   21023.60525752  .00000543  00000-0  29757-4 0  9990
2 41890  34.9520 123.8227 0013885 225.5863 134.3712 15.15353833227524
CYGFM03                 
1 41891U 16078H   21023.40402362  .00000536  00000-0  29441-4 0  9992
2 41891  34.9551 125.3885 0013347 222.5487 137.4191 15.15340102227494
FENGYUN 3D              
1 43010U 17072A   21023.45975609 -.00000012  00000-0  15225-4 0  9991
2 43010  98.7752 326.5180 0001841 130.9183 229.2149 14.19759064165414
NOAA 20                 
1 43013U 17073A   21023.54914867 -.00000010  00000-0  15964-4 0  9992
2 43013  98.7411 324.2980 0001361  84.0850 276.0482 14.19548501164881
GOES 17                 
1 43226U 18022A   21023.62990785  .00000111  00000-0  00000-0 0  9997
2 43226   0.0580 240.7754 0000677  72.7782 259.1442  1.00271212 10659
FENGYUN 2H              
1 43491U 18050A   21023.43894579 -.00000117  00000-0  00000-0 0  9992
2 43491   0.1481 248.3827 0002589 246.8328 225.1768  1.00270485  9757
METOP-C                 
1 43689U 18087A   21023.54795363 -.00000001  00000-0  19416-4 0  9991
2 43689  98.7083  86.0728 0003471  82.9140 277.2432 14.21488942114867
GEO-KOMPSAT-2A          
1 43823U 18100A   21023.52042425 -.00000331  00000-0  00000-0 0  9990
2 43823   0.0497 245.4435 0002364  35.9576 157.2482  1.00273020  7853
IOD-1 GEMS              
1 44385U 98067QK  21023.05588829  .00072562  00000-0  43838-3 0  9998
2 44385  51.6361 298.5899 0004958 116.7144 243.4364 15.76942993 88904
METEOR-M2 2             
1 44387U 19038A   21023.48453726 -.00000032  00000-0  52606-5 0  9994
2 44387  98.6510 345.4982 0001098  10.7723 349.3478 14.23684784 80845
